7.70
4.29
3.76
8.50
5.14
9.92
10.18
8.62
9.73
16.54
21.99
24.09
33.98
39.24
33.82
45.16
47.64
50.98
50.24
50.74
53.97
55.10
55.26
56.88
57.02
58.29
60.02
57.99
60.97
61.23
62.74
60.76
61.66
62.56
62.19
64.78
61.02
62.37
61.97
64.22
61.79
64.79
64.44
65.00
63.89
66.43
65.04
65.12
65.29
65.91
64.99
67.21
67.48
67.63
68.07
66.50
67.38
67.57
66.42
65.98
66.89
66.66
68.99
68.89
68.44
68.63
68.99
68.93
68.78
69.59
70.09
70.51
70.41
68.85
70.72
70.45
69.89
70.25
70.61
70.29
69.64
69.89
69.57
70.35
69.32
70.40
69.72
70.13
69.93
70.23
67.70
70.96
71.28
71.94
70.73
70.83
71.57
70.69
70.93
71.60
71.87
72.22
70.60
72.43
70.70
